 110.3083  -7.4042    629.00
 110.3250  -7.4042    739.00
 110.3417  -7.4042    849.00
 110.3583  -7.4042   1041.00
 110.3750  -7.4042   1253.00
 110.3917  -7.4042   1357.00
 110.4083  -7.4042   1451.00
 110.4250  -7.4042   1561.00
 110.4417  -7.4042   1455.00
 110.4583  -7.4042   1249.00
 110.4750  -7.4042   1023.00
 110.4917  -7.4042    863.00
 110.5083  -7.4042    781.00
 110.5250  -7.4042    753.00
 110.5417  -7.4042    739.00
 110.5583  -7.4042    663.00
 110.5750  -7.4042    569.00
 110.5917  -7.4042    499.00
 110.6083  -7.4042    481.00
 110.3083  -7.4207    617.00
 110.3250  -7.4207    745.00
 110.3417  -7.4207    901.00
 110.3583  -7.4207   1083.00
 110.3750  -7.4207   1231.00
 110.3917  -7.4207   1369.00
 110.4083  -7.4207   1593.00
 110.4250  -7.4207   1831.00
 110.4417  -7.4207   1825.00
 110.4583  -7.4207   1507.00
 110.4750  -7.4207   1127.00
 110.4917  -7.4207    891.00
 110.5083  -7.4207    787.00
 110.5250  -7.4207    737.00
 110.5417  -7.4207    691.00
 110.5583  -7.4207    637.00
 110.5750  -7.4207    553.00
 110.5917  -7.4207    543.00
 110.6083  -7.4207    501.00
 110.3083  -7.4373    621.00
 110.3250  -7.4373    737.00
 110.3417  -7.4373    897.00
 110.3583  -7.4373   1053.00
 110.3750  -7.4373   1195.00
 110.3917  -7.4373   1365.00
 110.4083  -7.4373   1671.00
 110.4250  -7.4373   2159.00
 110.4417  -7.4373   2349.00
 110.4583  -7.4373   1921.00
 110.4750  -7.4373   1319.00
 110.4917  -7.4373    961.00
 110.5083  -7.4373    859.00
 110.5250  -7.4373    771.00
 110.5417  -7.4373    699.00
 110.5583  -7.4373    641.00
 110.5750  -7.4373    587.00
 110.5917  -7.4373    533.00
 110.6083  -7.4373    489.00
 110.3083  -7.4538    645.00
 110.3250  -7.4538    759.00
 110.3417  -7.4538    885.00
 110.3583  -7.4538   1051.00
 110.3750  -7.4538   1187.00
 110.3917  -7.4538   1349.00
 110.4083  -7.4538   1721.00
 110.4250  -7.4538   2445.00
 110.4417  -7.4538   2855.00
 110.4583  -7.4538   2211.00
 110.4750  -7.4538   1511.00
 110.4917  -7.4538   1117.00
 110.5083  -7.4538    941.00
 110.5250  -7.4538    811.00
 110.5417  -7.4538    711.00
 110.5583  -7.4538    633.00
 110.5750  -7.4538    577.00
 110.5917  -7.4538    521.00
 110.6083  -7.4538    429.00
 110.3083  -7.4703    639.00
 110.3250  -7.4703    727.00
 110.3417  -7.4703    861.00
 110.3583  -7.4703   1025.00
 110.3750  -7.4703   1171.00
 110.3917  -7.4703   1311.00
 110.4083  -7.4703   1593.00
 110.4250  -7.4703   2175.00
 110.4417  -7.4703   2553.00
 110.4583  -7.4703   2157.00
 110.4750  -7.4703   1549.00
 110.4917  -7.4703   1169.00
 110.5083  -7.4703    967.00
 110.5250  -7.4703    805.00
 110.5417  -7.4703    713.00
 110.5583  -7.4703    633.00
 110.5750  -7.4703    565.00
 110.5917  -7.4703    493.00
 110.6083  -7.4703    417.00
 110.3083  -7.4868    603.00
 110.3250  -7.4868    711.00
 110.3417  -7.4868    827.00
 110.3583  -7.4868    971.00
 110.3750  -7.4868   1103.00
 110.3917  -7.4868   1213.00
 110.4083  -7.4868   1351.00
 110.4250  -7.4868   1625.00
 110.4417  -7.4868   1943.00
 110.4583  -7.4868   1931.00
 110.4750  -7.4868   1525.00
 110.4917  -7.4868   1231.00
 110.5083  -7.4868    981.00
 110.5250  -7.4868    793.00
 110.5417  -7.4868    711.00
 110.5583  -7.4868    633.00
 110.5750  -7.4868    547.00
 110.5917  -7.4868    469.00
 110.6083  -7.4868    403.00
 110.3083  -7.5034    585.00
 110.3250  -7.5034    667.00
 110.3417  -7.5034    755.00
 110.3583  -7.5034    873.00
 110.3750  -7.5034   1003.00
 110.3917  -7.5034   1051.00
 110.4083  -7.5034   1159.00
 110.4250  -7.5034   1325.00
 110.4417  -7.5034   1521.00
 110.4583  -7.5034   1623.00
 110.4750  -7.5034   1451.00
 110.4917  -7.5034   1255.00
 110.5083  -7.5034    991.00
 110.5250  -7.5034    835.00
 110.5417  -7.5034    735.00
 110.5583  -7.5034    627.00
 110.5750  -7.5034    537.00
 110.5917  -7.5034    467.00
 110.6083  -7.5034    405.00
 110.3083  -7.5199    539.00
 110.3250  -7.5199    607.00
 110.3417  -7.5199    671.00
 110.3583  -7.5199    763.00
 110.3750  -7.5199    863.00
 110.3917  -7.5199   1009.00
 110.4083  -7.5199   1203.00
 110.4250  -7.5199   1435.00
 110.4417  -7.5199   1691.00
 110.4583  -7.5199   1755.00
 110.4750  -7.5199   1461.00
 110.4917  -7.5199   1225.00
 110.5083  -7.5199   1031.00
 110.5250  -7.5199    887.00
 110.5417  -7.5199    755.00
 110.5583  -7.5199    633.00
 110.5750  -7.5199    541.00
 110.5917  -7.5199    467.00
 110.6083  -7.5199    433.00
 110.3083  -7.5364    485.00
 110.3250  -7.5364    547.00
 110.3417  -7.5364    623.00
 110.3583  -7.5364    711.00
 110.3750  -7.5364    831.00
 110.3917  -7.5364    991.00
 110.4083  -7.5364   1215.00
 110.4250  -7.5364   1601.00
 110.4417  -7.5364   2269.00
 110.4583  -7.5364   2241.00
 110.4750  -7.5364   1601.00
 110.4917  -7.5364   1247.00
 110.5083  -7.5364   1035.00
 110.5250  -7.5364    879.00
 110.5417  -7.5364    735.00
 110.5583  -7.5364    615.00
 110.5750  -7.5364    529.00
 110.5917  -7.5364    457.00
 110.6083  -7.5364    393.00
 110.3083  -7.5529    469.00
 110.3250  -7.5529    529.00
 110.3417  -7.5529    601.00
 110.3583  -7.5529    695.00
 110.3750  -7.5529    819.00
 110.3917  -7.5529    973.00
 110.4083  -7.5529   1177.00
 110.4250  -7.5529   1515.00
 110.4417  -7.5529   2113.00
 110.4583  -7.5529   2039.00
 110.4750  -7.5529   1563.00
 110.4917  -7.5529   1183.00
 110.5083  -7.5529    981.00
 110.5250  -7.5529    829.00
 110.5417  -7.5529    703.00
 110.5583  -7.5529    595.00
 110.5750  -7.5529    509.00
 110.5917  -7.5529    437.00
 110.6083  -7.5529    377.00
 110.3083  -7.5695    445.00
 110.3250  -7.5695    501.00
 110.3417  -7.5695    573.00
 110.3583  -7.5695    665.00
 110.3750  -7.5695    777.00
 110.3917  -7.5695    913.00
 110.4083  -7.5695   1075.00
 110.4250  -7.5695   1289.00
 110.4417  -7.5695   1443.00
 110.4583  -7.5695   1437.00
 110.4750  -7.5695   1223.00
 110.4917  -7.5695   1053.00
 110.5083  -7.5695    901.00
 110.5250  -7.5695    767.00
 110.5417  -7.5695    673.00
 110.5583  -7.5695    577.00
 110.5750  -7.5695    493.00
 110.5917  -7.5695    421.00
 110.6083  -7.5695    357.00
 110.3083  -7.5860    417.00
 110.3250  -7.5860    479.00
 110.3417  -7.5860    553.00
 110.3583  -7.5860    631.00
 110.3750  -7.5860    715.00
 110.3917  -7.5860    821.00
 110.4083  -7.5860    957.00
 110.4250  -7.5860   1093.00
 110.4417  -7.5860   1097.00
 110.4583  -7.5860   1101.00
 110.4750  -7.5860   1025.00
 110.4917  -7.5860    895.00
 110.5083  -7.5860    793.00
 110.5250  -7.5860    685.00
 110.5417  -7.5860    603.00
 110.5583  -7.5860    533.00
 110.5750  -7.5860    465.00
 110.5917  -7.5860    399.00
 110.6083  -7.5860    341.00
 110.3083  -7.6025    397.00
 110.3250  -7.6025    455.00
 110.3417  -7.6025    513.00
 110.3583  -7.6025    573.00
 110.3750  -7.6025    645.00
 110.3917  -7.6025    733.00
 110.4083  -7.6025    815.00
 110.4250  -7.6025    853.00
 110.4417  -7.6025    887.00
 110.4583  -7.6025    899.00
 110.4750  -7.6025    855.00
 110.4917  -7.6025    767.00
 110.5083  -7.6025    689.00
 110.5250  -7.6025    607.00
 110.5417  -7.6025    533.00
 110.5583  -7.6025    477.00
 110.5750  -7.6025    423.00
 110.5917  -7.6025    371.00
 110.6083  -7.6025    323.00
 110.3083  -7.6190    379.00
 110.3250  -7.6190    413.00
 110.3417  -7.6190    463.00
 110.3583  -7.6190    521.00
 110.3750  -7.6190    589.00
 110.3917  -7.6190    635.00
 110.4083  -7.6190    677.00
 110.4250  -7.6190    711.00
 110.4417  -7.6190    729.00
 110.4583  -7.6190    735.00
 110.4750  -7.6190    717.00
 110.4917  -7.6190    655.00
 110.5083  -7.6190    597.00
 110.5250  -7.6190    541.00
 110.5417  -7.6190    481.00
 110.5583  -7.6190    429.00
 110.5750  -7.6190    379.00
 110.5917  -7.6190    333.00
 110.6083  -7.6190    297.00
 110.3083  -7.6356    329.00
 110.3250  -7.6356    371.00
 110.3417  -7.6356    419.00
 110.3583  -7.6356    461.00
 110.3750  -7.6356    503.00
 110.3917  -7.6356    531.00
 110.4083  -7.6356    571.00
 110.4250  -7.6356    595.00
 110.4417  -7.6356    603.00
 110.4583  -7.6356    607.00
 110.4750  -7.6356    595.00
 110.4917  -7.6356    559.00
 110.5083  -7.6356    515.00
 110.5250  -7.6356    471.00
 110.5417  -7.6356    421.00
 110.5583  -7.6356    381.00
 110.5750  -7.6356    341.00
 110.5917  -7.6356    299.00
 110.6083  -7.6356    265.00
 110.3083  -7.6521    291.00
 110.3250  -7.6521    331.00
 110.3417  -7.6521    371.00
 110.3583  -7.6521    395.00
 110.3750  -7.6521    423.00
 110.3917  -7.6521    455.00
 110.4083  -7.6521    483.00
 110.4250  -7.6521    499.00
 110.4417  -7.6521    499.00
 110.4583  -7.6521    495.00
 110.4750  -7.6521    489.00
 110.4917  -7.6521    471.00
 110.5083  -7.6521    437.00
 110.5250  -7.6521    403.00
 110.5417  -7.6521    367.00
 110.5583  -7.6521    329.00
 110.5750  -7.6521    299.00
 110.5917  -7.6521    265.00
 110.6083  -7.6521    235.00
 110.3083  -7.6686    259.00
 110.3250  -7.6686    293.00
 110.3417  -7.6686    319.00
 110.3583  -7.6686    339.00
 110.3750  -7.6686    363.00
 110.3917  -7.6686    387.00
 110.4083  -7.6686    405.00
 110.4250  -7.6686    417.00
 110.4417  -7.6686    415.00
 110.4583  -7.6686    405.00
 110.4750  -7.6686    395.00
 110.4917  -7.6686    389.00
 110.5083  -7.6686    365.00
 110.5250  -7.6686    339.00
 110.5417  -7.6686    309.00
 110.5583  -7.6686    283.00
 110.5750  -7.6686    259.00
 110.5917  -7.6686    231.00
 110.6083  -7.6686    211.00
 110.3083  -7.6851    225.00
 110.3250  -7.6851    253.00
 110.3417  -7.6851    273.00
 110.3583  -7.6851    289.00
 110.3750  -7.6851    309.00
 110.3917  -7.6851    327.00
 110.4083  -7.6851    343.00
 110.4250  -7.6851    351.00
 110.4417  -7.6851    347.00
 110.4583  -7.6851    337.00
 110.4750  -7.6851    325.00
 110.4917  -7.6851    317.00
 110.5083  -7.6851    307.00
 110.5250  -7.6851    281.00
 110.5417  -7.6851    257.00
 110.5583  -7.6851    233.00
 110.5750  -7.6851    217.00
 110.5917  -7.6851    199.00
 110.6083  -7.6851    189.00
 110.3083  -7.7016    201.00
 110.3250  -7.7016    219.00
 110.3417  -7.7016    235.00
 110.3583  -7.7016    245.00
 110.3750  -7.7016    261.00
 110.3917  -7.7016    279.00
 110.4083  -7.7016    291.00
 110.4250  -7.7016    297.00
 110.4417  -7.7016    293.00
 110.4583  -7.7016    281.00
 110.4750  -7.7016    263.00
 110.4917  -7.7016    261.00
 110.5083  -7.7016    255.00
 110.5250  -7.7016    241.00
 110.5417  -7.7016    221.00
 110.5583  -7.7016    201.00
 110.5750  -7.7016    187.00
 110.5917  -7.7016    175.00
 110.6083  -7.7016    167.00
 110.3083  -7.7181    181.00
 110.3250  -7.7181    195.00
 110.3417  -7.7181    203.00
 110.3583  -7.7181    209.00
 110.3750  -7.7181    221.00
 110.3917  -7.7181    237.00
 110.4083  -7.7181    245.00
 110.4250  -7.7181    249.00
 110.4417  -7.7181    245.00
 110.4583  -7.7181    235.00
 110.4750  -7.7181    219.00
 110.4917  -7.7181    215.00
 110.5083  -7.7181    213.00
 110.5250  -7.7181    207.00
 110.5417  -7.7181    191.00
 110.5583  -7.7181    177.00
 110.5750  -7.7181    169.00
 110.5917  -7.7181    159.00
 110.6083  -7.7181    149.00
 110.3083  -7.7346    161.00
 110.3250  -7.7346    169.00
 110.3417  -7.7346    173.00
 110.3583  -7.7346    179.00
 110.3750  -7.7346    191.00
 110.3917  -7.7346    203.00
 110.4083  -7.7346    205.00
 110.4250  -7.7346    207.00
 110.4417  -7.7346    205.00
 110.4583  -7.7346    199.00
 110.4750  -7.7346    187.00
 110.4917  -7.7346    179.00
 110.5083  -7.7346    179.00
 110.5250  -7.7346    175.00
 110.5417  -7.7346    167.00
 110.5583  -7.7346    159.00
 110.5750  -7.7346    153.00
 110.5917  -7.7346    147.00
 110.6083  -7.7346    141.00
 110.3083  -7.7512    143.00
 110.3250  -7.7512    149.00
 110.3417  -7.7512    151.00
 110.3583  -7.7512    157.00
 110.3750  -7.7512    165.00
 110.3917  -7.7512    173.00
 110.4083  -7.7512    173.00
 110.4250  -7.7512    175.00
 110.4417  -7.7512    171.00
 110.4583  -7.7512    167.00
 110.4750  -7.7512    159.00
 110.4917  -7.7512    155.00
 110.5083  -7.7512    157.00
 110.5250  -7.7512    155.00
 110.5417  -7.7512    147.00
 110.5583  -7.7512    143.00
 110.5750  -7.7512    139.00
 110.5917  -7.7512    137.00
 110.6083  -7.7512    129.00
 110.3083  -7.7677    127.00
 110.3250  -7.7677    133.00
 110.3417  -7.7677    135.00
 110.3583  -7.7677    139.00
 110.3750  -7.7677    143.00
 110.3917  -7.7677    147.00
 110.4083  -7.7677    147.00
 110.4250  -7.7677    147.00
 110.4417  -7.7677    145.00
 110.4583  -7.7677    141.00
 110.4750  -7.7677    137.00
 110.4917  -7.7677    159.00
 110.5083  -7.7677    167.00
 110.5250  -7.7677    139.00
 110.5417  -7.7677    135.00
 110.5583  -7.7677    131.00
 110.5750  -7.7677    127.00
 110.5917  -7.7677    127.00
 110.6083  -7.7677    123.00
 110.3083  -7.7842    113.00
 110.3250  -7.7842    117.00
 110.3417  -7.7842    117.00
 110.3583  -7.7842    121.00
 110.3750  -7.7842    125.00
 110.3917  -7.7842    127.00
 110.4083  -7.7842    127.00
 110.4250  -7.7842    123.00
 110.4417  -7.7842    123.00
 110.4583  -7.7842    121.00
 110.4750  -7.7842    121.00
 110.4917  -7.7842    137.00
 110.5083  -7.7842    265.00
 110.5250  -7.7842    173.00
 110.5417  -7.7842    135.00
 110.5583  -7.7842    161.00
 110.5750  -7.7842    141.00
 110.5917  -7.7842    123.00
 110.6083  -7.7842    121.00
 110.3083  -7.8007     99.00
 110.3250  -7.8007    101.00
 110.3417  -7.8007    105.00
 110.3583  -7.8007    109.00
 110.3750  -7.8007    109.00
 110.3917  -7.8007    109.00
 110.4083  -7.8007    107.00
 110.4250  -7.8007    107.00
 110.4417  -7.8007    105.00
 110.4583  -7.8007    103.00
 110.4750  -7.8007    109.00
 110.4917  -7.8007    109.00
 110.5083  -7.8007    177.00
 110.5250  -7.8007    267.00
 110.5417  -7.8007    219.00
 110.5583  -7.8007    269.00
 110.5750  -7.8007    203.00
 110.5917  -7.8007    137.00
 110.6083  -7.8007    165.00